Image Height: 480
Image Width: 848
fx: 613.7551879882812
fy: 614.088623046875
cx: 425.46710205078125
cy: 239.20654296875
